1 17.76678574382145
2 14.163058275854922
3 17.124605381146075
4 16.16063219151871
5 16.439377902900198
6 16.74561089437183
7 15.378691349038082
8 19.139547663361
9 16.91740782920786
10 14.135950914741544
11 18.863197275151
12 20.391188130605734
13 15.598162498177224
14 14.363261117646799
15 16.75393662662134
16 15.333795675377662
17 15.581240732250237
18 16.035149417870528
19 17.24114526579993
20 14.394215191597342
21 18.889760215827664
22 20.500444239554557
23 15.59418534915589
24 14.41928157181377
25 16.531722491627008
26 15.198963400712262
27 15.523727474711016
28 16.108896162714675
29 17.209256561058567
30 14.374098130979679
31 18.650468623293566
32 16.80851677314245
33 16.16251353999551
34 14.228864872974619
35 16.371678090511704
36 16.766954012775315
37 15.8113834202945
38 16.467726963383473
39 16.482822010962828
40 14.813201651774477
41 17.799243510810438
42 19.430850632181674
43 15.303511201795303
44 14.464729522115585
45 15.89250808032827
46 16.105266971812075
47 14.31721428455284
48 17.40596039199327
49 17.81747253653306
50 14.520361414076568
51 19.008586378451664
52 14.703954771434443
53 16.81244949968449
54 16.199035108312803
55 16.821217508357538
56 14.758587149445994
57 16.566847692879506
58 17.346819965888308
59 17.266037531283157
60 13.49553820380843
